256 
66 
126 
18 
179 
312 
19 
154 
92 
79 
225 
301 
72 
96 
15 
10 
175 
124 
97 
68 
246 
37 
16 
55 
223 
284 
67 
118 
172 
69 
31 
203 
165 
247 
125 
177 
86 
265 
197 
266 
137 
226 
139 
202 
146 
244 
129 
38 
300 
186 
303 
112 
185 
117 
291 
285 
181 
194 
196 
2 
115 
158 
195 
120 
231 
272 
127 
74 
29 
83 
260 
107 
168 
258 
133 
209 
237 
290 
65 
218 
85 
234 
159 
12 
35 
28 
170 
142 
210 
131 
283 
51 
95 
228 
178 
242 
41 
89 
238 
136 
26 
308 
141 
220 
0 
282 
286 
100 
192 
288 
103 
171 
98 
36 
61 
150 
47 
222 
271 
11 
311 
200 
281 
27 
240 
4 
122 
32 
224 
162 
230 
268 
138 
62 
215 
135 
128 
305 
8 
70 
277 
64 
44 
14 
156 
40 
250 
123 
289 
216 
153 
23 
278 
110 
81 
236 
207 
212 
39 
287 
248 
251 
306 
201 
161 
43 
217 
190 
259 
105 
53 
1 
49 
80 
205 
34 
263 
91 
52 
264 
241 
13 
88 
273 
166 
309 
134 
302 
243 
54 
50 
174 
189 
313 
187 
169 
58 
48 
235 
252 
21 
160 
276 
191 
293 
257 
149 
130 
151 
99 
87 
214 
121 
314 
20 
188 
71 
106 
270 
102 
